10 0.1782272479098839072
11 0.1743350873053121195
12 0.1709328123612640548
13 0.1679224610551698118
14 0.1652316904975657588
15 0.1628057345507471825
16 0.160602250321658105
17 0.158587901473441593
18 0.1567360259621454992
19 0.155025003240457813
20 0.153437085566941212
21 0.1519575449965059686
22 0.1505740398661895356
23 0.1492761369174463006
24 0.1480549457322804696
25 0.1469028355159961257
26 0.1458132131302293429
27 0.1447803472859796258
28 0.1437992279441014689
29 0.1428654528671174471
30 0.1419751353234275751
31 0.1411248284259854215
32 0.1403114626670057593
33 0.1395322940061798799
34 0.1387848604631050976
35 0.1380669456111290392
36 0.1373765477090749585
37 0.1367118534673485447
38 0.1360712156458657628
39 0.13545313383769133
40 0.1348562379150474204
41 0.1342792737112567898
42 0.1337210905892567936
43 0.1331806306089328475
44 0.1326569190550999026
45 0.1321490561280672047
46 0.131656209631304156
47 0.1311776085173993271
48 0.1307125371753630973
49 0.1302603303603732403
50 0.1298203686820227828
51 0.1293920745795440283
52 0.1289749087228885312
53 0.128568366787232922
54 0.12817197655581644
55 0.1277852953121866782
56 0.1274079074881849843
57 0.1270394225384430514
58 0.126679473015963206
59 0.1263277128266006253
60 0.1259838156430463275
61 0.1256474734613046471
62 0.1253183952847246406
63 0.1249963059224232665
64 0.1246809448904911204
65 0.1243720654057081036
66 0.1240694334626634289
67 0.123772826986211586
68 0.1234820350520609004
69 0.1231968571690997265
70 0.1229171026177363295
71 0.1226425898391371878
72 0.1223731458707831927
73 0.1221086058242301419
74 0.1218488124013824066
75 0.121593615445950986
76 0.121342871527099244
77 0.1210964435525718576
78 0.1208542004088580637
79 0.1206160166261783163
80 0.1203817720662842908
81 0.1201513516312532508
82 0.1199246449916195925
83 0.1197015463323386945
84 0.1194819541152115387
85 0.1192657708565166615
86 0.1190529029187098132
87 0.1188432603151453326
88 0.118636756526864527
89 0.1184333083305751376
90 0.118232835637019725
91 0.1180352613389961587
92 0.1178405111683526499
93 0.1176485135613384666
94 0.1174591995317278855
95 0.1172725025512018694
96 0.1170883584364909172
97 0.1169067052428336852
98 0.1167274831633351279
99 0.1165506344338399393
100 0.1163761032429665115
101 0.1162038356469720325
102 0.116033779489143427
103 0.115865884323431197
104 0.1157001013420644029
105 0.1155363833069011076
106 0.1153746844842887598
107 0.1152149605832228493
108 0.1150571686966072744
109 0.1149012672454337658
110 0.1147472159257090874
111 0.114594975657971297
112 0.1144445085392461
113 0.1142957777973045078
114 0.1141487477470920739
115 0.1140033837492084125
116 0.1138596521703229384
117 0.1137175203454213154
118 0.1135769565417819531
119 0.1134379299245898573
120 0.1133004105240999402
121 0.1131643692042674184
122 0.11302977763276826
123 0.1128966082523370152
124 0.1127648342533538307
125 0.1126344295476164311
126 0.1125053687432368695
127 0.1123776271206060827
128 0.112251180609372553
129 0.1121260057663849724
130 0.1120020797545510668
131 0.1118793803225678222
132 0.1117578857854807351
133 0.1116375750060321429
134 0.1115184273767606863
135 0.1114004228028166676
136 0.1112835416854589494
137 0.1111677649062020205
138 0.1110530738115826911
139 0.1109394501985180258
140 0.1108268763002273621
141 0.1107153347726928056
142 0.1106048086816338936
143 0.1104952814899734133
144 0.1103867370457723933
145 0.1102791595706138491
146 0.110172533648415165
147 0.1100668442146508465
148 0.1099620765459675675
149 0.109858216250174867
150 0.1097552492565953386
151 0.1096531618067591243
152 0.1095519404454281912
153 0.1094515720119366523
154 0.1093520436318337156
155 0.1092533427088173238
156 0.1091554569169461154
157 0.1090583741931182466
158 0.1089620827298067852
159 0.1088665709680409104
160 0.1087718275906232965
161 0.1086778415155742126
162 0.1085846018897934265
163 0.1084920980829313717
164 0.1084003196814612835
165 0.1083092564829449414
166 0.1082188984904837558
167 0.1081292359073491073
168 0.1080402591317842437
169 0.1079519587519717763
170 0.1078643255411604419
171 0.1077773504529448639
172 0.1076910246166931149
173 0.1076053393331162951
174 0.1075202860699750088
175 0.1074897400096810923
176 0.1074141265079056118
177 0.1073390484366171771
178 0.1072644989341078205
179 0.1071904712651622386
180 0.1071169588180255545
181 0.1070439551014606244
182 0.1069714537418914695
183 0.1068994484806297803
184 0.1068279331711818477
185 0.1067569017766329535
186 0.106686348367106405
187 0.1066162671172954899
188 0.1065466523040648084
189 0.106477498304119263
190 0.1064087995917385824
191 0.1063405507365748435
192 0.1062727464015110772
193 0.1062053813405789287
194 0.1061384503969334861
195 0.1060719485008833883
196 0.1060058706679743193
197 0.1059402119971243567
198 0.1058749676688094552
199 0.1058101329432975342
200 0.1057457031589292641
201 0.1056816737304446543
202 0.1056180401473535587
203 0.1055547979723489348
204 0.1054919428397614857
205 0.1054294704540543791
206 0.1053673765883568656
207 0.1053056570830355592
208 0.1052443078443022059
209 0.1051833248428569656
210 0.1051227041125661092
211 0.1050624417491727276
212 0.1050025339090402401
213 0.1049429768079268803
214 0.1048837667197907951
215 0.1048248999756247899
216 0.1047663729623195158
217 0.1047081821215546924
218 0.1046503239487173737
219 0.1045927949918463197
220 0.1045355918506019925
221 0.1044787111752613915
222 0.1044221496657367403
223 0.1043659040706177843
224 0.104309971186236586
225 0.1042543478557546797
226 0.104199030968271544
227 0.1041440174579537532
228 0.1040893043031849076
229 0.1040348885257347503
230 0.1039807671899478704
231 0.1039269374019508847
232 0.1038733963088777688
233 0.1038201410981130013
234 0.1037671689965516601
235 0.103714477269876451
236 0.1036620632218509135
237 0.1036099241936284328
238 0.1035580575630767934
239 0.1035064607441176036
240 0.1034551311860804637
241 0.1034040663730711586
242 0.1033532638233541001
243 0.1033027210887478325
244 0.1032524357540339478
245 0.1032024054363787832
246 0.1031526277847674551
247 0.1031031004794503847
248 0.1030538212314011868
249 0.103004787781786636
250 0.1029559979014474488
251 0.1029074493903903864
252 0.1028591400772908055
253 0.102811067819005801
254 0.1027632305000974786
255 0.1027156260323660878
256 0.1026682523543929744
257 0.102621107431092794
258 0.102574189253275163
259 0.1025274958372148833
260 0.1024810252242316146
261 0.1024347754802773188
262 0.1023887446955327269
263 0.1023429309840113583
264 0.1022973324831721082
265 0.1022519473535389975
266 0.1022067737783290145
267 0.1021618099630869127
268 0.1021170541353276565
269 0.1020725045441855183
270 0.1020281594600704321
271 0.1019840171743307512
272 0.1019400759989228729
273 0.1018963342660870223
274 0.1018527903280295394
275 0.1018094425566111017
276 0.1017662893430410935
277 0.1017233290975777098
278 0.1016805602492339091
279 0.1016379812454886536
280 0.101595590552004228
281 0.1015533866523480347
282 0.1015113680477206026
283 0.1014695332566876959
284 0.1014278808149182526
285 0.101386409274926677
286 0.101345117205820167
287 0.1013040031930505963
288 0.1012630658381709895
289 0.1012223037585965207
290 0.1011817155873697581
291 0.101141299972930345
292 0.1011010555788886842
293 0.1010609810838039054
294 0.1010210751809656411
295 0.1009813365781799176
296 0.1009417639975586907
297 0.1009023561753133656
298 0.100863111861551537
299 0.1008240298200782162
300 0.1007851088281993877
301 0.1007463476765299895
302 0.1007077451688048906
303 0.1006693001216930458
304 0.1006310113646152451
305 0.1005928777395645629
306 0.10055489810093047
307 0.1005170713153254448
308 0.1004793962614149606
309 0.1004418718297501785
310 0.1004044969226035281
311 0.1003672704538072255
312 0.1003301913485942847
313 0.1002932585434425251
314 0.1002564709859208504
315 0.1002198276345385451
316 0.1001833274585966507
317 0.1001469694380421684
318 0.1001107525633245074
319 0.1000746758352543673
320 0.1000387382648649927
321 0.1000029388732756248
322 0.0999672766915573407
323 0.0999317507606009039
324 0.0998963601309868982
325 0.0998611038628581327
326 0.0998259810257935602
327 0.0997909906986851334
328 0.099756131969615709
329 0.0997214039357394923
330 0.0996868057031643584
331 0.0996523363868357509
332 0.0996179951104228263
333 0.0995837810062060731
334 0.0995496932149669047
335 0.0995157308858789918
336 0.0994818931764011445
337 0.099448179252172139
338 0.0994145882869069117
339 0.0993811194622946037
340 0.0993477719678980658
341 0.0993145450010549183
342 0.0992814377667802702
343 0.0992484494776707156
344 0.0992155793538100995
345 0.09918282662267644
346 0.0991501905190504597
347 0.0991176702849254877
348 0.0990852651694186104
349 0.0990529744286832963
350 0.0990207973258234382
351 0.0989887331308082932
352 0.0989567811203892487
353 0.0989249405780174014
354 0.0988932107937624494
355 0.0988615910642330856
356 0.098830080692498183
357 0.0987986789880093457
358 0.0987673852665246701
359 0.0987361988500333808
360 0.0987051190666818948
361 0.0986741452507007259
362 0.0986432767423324931
363 0.0986125128877611402
364 0.0985818530390419629
365 0.0985512965540327939
366 0.0985208427963261829
367 0.0984904911351823866
368 0.0984602409454636334
369 0.0984300916075689984
370 0.0984000425073703997
371 0.0983700930361495111
372 0.0983402425905354371
373 0.0983104905724434571
374 0.0982808363890144996
375 0.0982512794525554491
376 0.0982218191804804059
377 0.0981924549952528063
378 0.0981631863243280805
379 0.0981340126000974329
380 0.098104933259832254
381 0.0980759477456292
382 0.0980470555043562805
383 0.0980182559875995491
384 0.0979895486516103934
385 0.0979609329572538942
386 0.0979324083699575861
387 0.0979039743596609213
388 0.0978756304007657719
389 0.0978473759720871614
390 0.0978192105568048773
391 0.0977911336424158173
392 0.0977631447206868023
393 0.0977352432876080962
394 0.0977074288433476281
395 0.0976797008922056806
396 0.0976520589425702862
397 0.0976245025068732198
398 0.0975970311015464723
399 0.0975696442469794497
400 0.0975423414674766377
401 0.0975151222912157797
402 0.0974879862502068101
403 0.0974609328802510937
404 0.0974339617209012859
405 0.0974070723154217212
406 0.0973802642107494479
407 0.0973535369574555044
408 0.0973268901097068376
409 0.0973003232252288201
410 0.0972738358652680635
411 0.0972474275945557129
412 0.0972210979812714738
413 0.0971948465970077922
414 0.0971686730167345668
415 0.0971425768187644894
416 0.0971165575847186255
417 0.0970906148994923995
418 0.0970647483512223187
419 0.0970389575312527608
420 0.0970132420341032908
421 0.0969876014574365678
422 0.0969620354020264122
423 0.0969365434717263294
424 0.0969111252734385785
425 0.0968857804170834428
426 0.0968605085155689115
427 0.0968353091847608693
428 0.0968101820434535066
429 0.0967851267133401099
430 0.0967601428189843328
431 0.0967352299877916866
432 0.0967103878499813938
433 0.0966856160385586984
434 0.0966609141892873853
435 0.0966362819406627127
436 0.096611718933884466
437 0.096587224812830854
438 0.0965627992240321267
439 0.096538441816644771
440 0.0965141522424260995
441 0.0964899301557090283
442 0.0964657752133771561
443 0.0964416870748401023
444 0.0964176654020093593
445 0.0963937098592741741
446 0.0963698201134777375
447 0.0963459958338939062
448 0.0963222366922039098
449 0.0962985423624734435
450 0.0962749125211300584
451 0.0962513468469408215
452 0.0962278450209901596
453 0.0962044067266579863
454 0.096181031649598185
455 0.0961577194777172146
456 0.0961344699011529456
457 0.096111282612253944
458 0.0960881573055587559
459 0.0960650936777755264
460 0.0960420914277619018
461 0.0960191502565051022
462 0.0959962698671022126
463 0.0959734499647407288
464 0.0959506902566793455
465 0.0959279904522289212
466 0.0959053502627335739
467 0.095882769401552308
468 0.0958602475840404282
469 0.0958377845275314699
470 0.0958153799513190391
471 0.0957930335766393922
472 0.0957707451266535816
473 0.0957485143264301411
474 0.0957263409029279118
475 0.0957042245849790999
476 0.0956821651032724334
477 0.0956601621903364766
478 0.0956382155805233075
479 0.0956163250099922343
480 0.0955944902166936961
481 0.0955727109403533262
482 0.0955509869224563338
483 0.0955293179062318857
484 0.0955077036366377059
485 0.0954861438603448857
486 0.095464638325722865
487 0.0954431867828245168
488 0.0954217889833713519
489 0.0954004446807391005
490 0.0953791536299431935
491 0.0953579155876245274
492 0.0953367303120353589
493 0.095315597563025393
494 0.0952945171020279524
495 0.0952734886920462783
496 0.0952525120976401145
497 0.0952315870849122779
498 0.0952107134214954405
499 0.0951898908765390425
500 0.0951691192206963757
