10 0.1730805895398174505
11 0.1696654551830948534
12 0.166663279489670835
13 0.1639938650262576632
14 0.1615974950567384457
15 0.1594286332496224218
16 0.1574518465794655264
17 0.1556390788328902116
18 0.153967775160683566
19 0.1524195600533195762
20 0.150979285211107259
21 0.1496343306791291861
22 0.1483740831384201841
23 0.1471895405035910562
24 0.1460730081294387391
25 0.1450178624973476204
26 0.1440183653111974331
27 0.1430695157364152301
28 0.1421669318412876975
29 0.1413067546378722298
30 0.1404855697875252631
31 0.1397003432414005788
32 0.1389483679679881767
33 0.1382272195722052277
34 0.1375347190983589967
35 0.1368689016776464623
36 0.1362279899615387119
37 0.1356103714981433937
38 0.1350145793757819105
39 0.1344392755885139482
40 0.1338832366809612215
41 0.1333453413110047684
42 0.1328245594336250301
43 0.1323199428610412522
44 0.1318306169960971348
45 0.1313557735697325058
46 0.1308946642409676162
47 0.1304465949404510352
48 0.1300109208571832155
49 0.1295870419834087672
50 0.1291743991453882748
51 0.1287724704584018334
52 0.1283807681531993142
53 0.1279988357285759723
54 0.1276262453910264314
55 0.1272625957477501405
56 0.1269075097237742967
57 0.1265606326778074212
58 0.1262216306946982648
59 0.1258901890351833812
60 0.1255660107260032362
61 0.125248815275551424
62 0.1249383375019957379
63 0.1246343264623626226
64 0.1243365444724179682
65 0.1240447662083468431
66 0.1237587778822432145
67 0.1234783764843188966
68 0.1232033690855155162
69 0.1229335721948807869
70 0.1226688111666783935
71 0.122408919652725019
72 0.1221537390959091175
73 0.1219031182612688693
74 0.1216569128013651362
75 0.121414984853007325
76 0.1211772026626844313
77 0.1209434402383034514
78 0.1207135770250697845
79 0.1204874976035465075
80 0.1202650914081121644
81 0.120046252464200552
82 0.1198308791428517362
83 0.1196188739312361355
84 0.1194101432179321601
85 0.1192045970918416086
86 0.1190021491537283047
87 0.1188027163394477654
88 0.118606218754016816
89 0.1184125795157415791
90 0.1182217246096880658
91 0.1180335827498371025
92 0.1178480852493183295
93 0.117665165898169285
94 0.1174847608481001245
95 0.1173068085038004338
96 0.1171312494203450698
97 0.116958026206299321
98 0.1167870834321503419
99 0.1166183675437202665
100 0.1164518267802426738
101 0.1162874110968066071
102 0.1161250720908942098
103 0.1159647629327573162
104 0.1158064382993979297
105 0.1156500543119317823
106 0.1154955684761316522
107 0.1153429396259600374
108 0.115192127869914578
109 0.1150430945400208072
110 0.1148958021433187552
111 0.1147502143156995211
112 0.1146062957779580919
113 0.1144640122939366016
114 0.1143233306306412783
115 0.1141842185202230941
116 0.1140466446237200032
117 0.1139105784964639466
118 0.1137759905550629332
119 0.1136428520458737028
120 0.1135111350148853687
121 0.1133808122789398842
122 0.1132518573982192372
123 0.1131242446499336197
124 0.1129979490031488717
125 0.1128729460946947616
126 0.1127492122060999282
127 0.1126267242415011674
128 0.1125054597064791096
129 0.1123853966877740999
130 0.1122665138338393424
131 0.112148790336190334
132 0.1120322059115122618
133 0.1119167407844890144
134 0.1118023756713191884
135 0.1116890917638873392
136 0.1115768707145588225
137 0.1114656946215700382
138 0.1113555460149860172
139 0.1112464078431996722
140 0.1111382634599478741
141 0.1110310966118210761
142 0.1109248914262443112
143 0.1108196323999086179
144 0.11071530438763268
145 0.110611892591636464
146 0.1105093825512079525
147 0.1104077601327467619
148 0.1103070115201678714
149 0.1102071232056503812
150 0.1101080819807165589
151 0.1100098749276271823
152 0.1099124894110800339
153 0.1098159130701988752
154 0.1097201338108009495
155 0.1096251397979313304
156 0.1095309194486538018
157 0.1094374614250871045
158 0.109344754627677353
159 0.109252788188696665
160 0.1091615514659593879
161 0.1090710340367470053
162 0.1089812256919337703
163 0.1088921164303051075
164 0.1088036964530613333
165 0.108715956158499602
166 0.1086288861368669517
167 0.1085424771653786931
168 0.1084567202033948213
169 0.108371606387749313
170 0.1082871270282263969
171 0.1082032736031780302
172 0.1081200377552779141
173 0.1080374112874063627
174 0.1079553861586618352
175 0.107873954480494212
176 0.1078001337862364024
177 0.1077268314511188246
178 0.1076540408702279656
179 0.1075817555598589127
180 0.1075099691546208282
181 0.1074386754046276323
182 0.107367868172770634
183 0.1072975414320702196
184 0.10722768926310407
185 0.107158305851509109
186 0.1070893854855545369
187 0.1070209225537842464
188 0.1069529115427252925
189 0.1068853470346608025
190 0.1068182237054653004
191 0.1067515363225000125
192 0.106685279742566362
193 0.1066194489099157298
194 0.1065540388543136054
195 0.1064890446891566048
196 0.1064244616096400525
197 0.1063602848909752273
198 0.1062965098866543946
199 0.1062331320267618505
200 0.1061701468163299287
201 0.1061075498337383432
202 0.1060453367291555228
203 0.105983503223020708
204 0.1059220451045654769
205 0.1058609582303735481
206 0.1058002385229775362
207 0.1057398819694919704
208 0.1056798846202806064
209 0.1056202425876581702
210 0.105560952044624417
211 0.1055020092236301336
212 0.1054434104153741949
213 0.105385151967630171
214 0.1053272302841022919
215 0.1052696418233096199
216 0.105212383097497341
217 0.1051554506715749427
218 0.1050988411620800524
219 0.1050425512361673262
220 0.1049865776106218117
221 0.1049309170508959039
222 0.1048755663701690395
223 0.1048205224284305245
224 0.1047657821315828051
225 0.1047113424305671324
226 0.1046572003205088294
227 0.1046033528398828896
228 0.1045497970696989767
229 0.1044965301327050501
230 0.1044435491926096314
231 0.1043908514533215912
232 0.1043384341582075537
233 0.1042862945893660579
234 0.1042344300669180983
235 0.1041828379483138256
236 0.1041315156276545969
237 0.1040804605350303233
238 0.1040296701358715797
239 0.1039791419303157221
240 0.1039288734525878128
241 0.1038788622703939197
242 0.1038291059843289748
243 0.1037796022272965269
244 0.10373034866394176
245 0.1036813429900962486
246 0.1036325829322351416
247 0.1035840662469455729
248 0.1035357907204066551
249 0.1034877541678804905
250 0.1034399544332138064
251 0.1033923893883504293
252 0.1033450569328535622
253 0.1032979549934384672
254 0.103251081523514572
255 0.103204434502737301
256 0.1031580119365690273
257 0.1031118118558491147
258 0.1030658323163728505
259 0.1030200713984787997
260 0.1029745272066447042
261 0.1029291978690916235
262 0.1028840815373958689
263 0.1028391763861089323
264 0.1027944806123848805
265 0.1027499924356153676
266 0.1027057100970717167
267 0.1026616318595542223
268 0.1026177560070483161
269 0.102574080844387515
270 0.1025306046969229789
271 0.1024873259101994685
272 0.1024442428496377069
273 0.1024013539002227379
274 0.1023586574661985122
275 0.1023161519707680748
276 0.102273835855799838
277 0.1022317075815390345
278 0.1021897656263251919
279 0.1021480084863143793
280 0.102106434675207129
281 0.1020650427239813973
282 0.1020238311806303155
283 0.1019827986099051706
284 0.1019419435930627793
285 0.1019012647276180313
286 0.1018607606271004872
287 0.1018204299208159334
288 0.101780271253611889
289 0.1017402832856478224
290 0.1017004646921691083
291 0.1016608141632855825
292 0.1016213304037535997
293 0.1015820121327624721
294 0.1015428580837243981
295 0.101503867004068412
296 0.1014650376550378258
297 0.1014263688114914101
298 0.1013878592617080061
299 0.1013495078071946565
300 0.1013113132624981243
301 0.1012732744550194841
302 0.1012353902248325109
303 0.1011976594245045627
304 0.1011600809189210943
305 0.1011226535851129523
306 0.1010853763120866315
307 0.1010482480006577418
308 0.1010112675632868941
309 0.1009744339239188389
310 0.1009377460178239376
311 0.1009012027914426901
312 0.1008648032022326295
313 0.100828546218517907
314 0.1007924308193414604
315 0.1007564559943195011
316 0.1007206207434986529
317 0.1006849240772152258
318 0.100649365015957078
319 0.1006139425902275205
320 0.1005786558404116971
321 0.1005435038166449758
322 0.1005084855786836108
323 0.1004736001957775296
324 0.100438846746544979
325 0.1004042243188496009
326 0.1003697320096791909
327 0.1003353689250264033
328 0.1003011341797716713
329 0.1002670268975675946
330 0.1002330462107255562
331 0.1001991912601039502
332 0.1001654611949981261
333 0.1001318551730323382
334 0.1000983723600530553
335 0.1000650119300242981
336 0.1000317730649243784
337 0.0999986549546443056
338 0.0999656567968879253
339 0.099932777797073332
340 0.099900017168236169
341 0.0998673741309340927
342 0.0998348479131528982
343 0.0998024377502140863
344 0.0997701428846837279
345 0.0997379625662828981
346 0.0997058960517992958
347 0.0996739426050003574
348 0.0996421014965476292
349 0.0996103720039123215
350 0.0995787534112923655
351 0.0995472450095306452
352 0.0995158460960341354
353 0.0994845559746949125
354 0.0994533739558116646
355 0.0994222993560126676
356 0.0993913314981800802
357 0.0993604697113749894
358 0.0993297133307637995
359 0.0992990616975457047
360 0.0992685141588810023
361 0.0992380700678208224
362 0.0992077287832375423
363 0.0991774896697563342
364 0.0991473520976878218
365 0.0991173154429614976
366 0.0990873790870602619
367 0.0990575424169558645
368 0.0990278048250451782
369 0.098998165709087562
370 0.0989686244721429486
371 0.0989391805225108847
372 0.0989098332736704837
373 0.0988805821442210868
374 0.098851426557823949
375 0.0988223659431446034
376 0.0987933997337960216
377 0.0987645273682826699
378 0.0987357482899453966
379 0.0987070619469068117
380 0.0986784677920177274
381 0.0986499652828042202
382 0.0986215538814153097
383 0.0985932330545715739
384 0.098565002273514383
385 0.0985368610139556697
386 0.0985088087560286924
387 0.0984808449842392364
388 0.098452969187417447
389 0.0984251808586706143
390 0.0983974794953362609
391 0.0983698645989359794
392 0.0983423356751300183
393 0.0983148922336722952
394 0.0982875337883660637
395 0.0982602598570202788
396 0.098233069961406388
397 0.0982059636272157744
398 0.098178940384017806
399 0.0981519997652183232
400 0.0981251413080187819
401 0.098098364553375901
402 0.0980716690459617663
403 0.0980450543341246072
404 0.0980185199698499544
405 0.0979920655087223399
406 0.0979656905098874347
407 0.0979393945360149365
408 0.0979131771532615961
409 0.0978870379312348306
410 0.0978609764429569912
411 0.0978349922648298662
412 0.0978090849765995842
413 0.0977832541613223523
414 0.0977574994053302091
415 0.0977318202981973255
416 0.0977062164327069394
417 0.0976806874048184621
418 0.0976552328136350466
419 0.0976298522613716961
420 0.0976045453533236593
421 0.0975793116978351885
422 0.0975541509062688026
423 0.0975290625929748789
424 0.0975040463752615656
425 0.0974791018733651586
426 0.0974542287104208243
427 0.0974294265124336162
428 0.0974046949082499258
429 0.0973800335295292786
430 0.0973554420107164087
431 0.097330919989013742
432 0.0973064671043542146
433 0.0972820829993743595
434 0.097257767319387782
435 0.0972335197123589525
436 0.0972093398288772939
437 0.097185227322131505
438 0.0971611818478843809
439 0.0971372030644478337
440 0.0971132906326581376
441 0.0970894442158515259
442 0.0970656634798402002
443 0.0970419480928884549
444 0.09701829772568906
445 0.0969947120513401766
446 0.0969711907453223013
447 0.0969477334854755313
448 0.0969243399519771462
449 0.0969010098273194822
450 0.0968777427962879688
451 0.0968545385459394259
452 0.0968313967655807715
453 0.0968083171467477957
454 0.0967852993831842027
455 0.0967623431708210378
456 0.096739448207756208
457 0.096716614194234269
458 0.0966938408326264741
459 0.0966711278274110723
460 0.0966484748851537632
461 0.0966258817144883936
462 0.0966033480260979542
463 0.0965808735326956944
464 0.0965584579490064404
465 0.0965361009917482755
466 0.0965138023796142498
467 0.0964915618332543672
468 0.0964693790752578171
469 0.096447253830135352
470 0.0964251858243018841
471 0.0964031747860592146
472 0.09638122044557905
473 0.0963593225348862349
474 0.096337480787842038
475 0.0963156949401275951
476 0.0962939647292278388
477 0.0962722898944152515
478 0.0962506701767339863
479 0.0962291053189840376
480 0.0962075950657058285
481 0.0961861391631646983
482 0.0961647373593356538
483 0.09614338940388833
484 0.0961220950481721109
485 0.0961008540452013591
486 0.0960796661496407597
487 0.096058531117791036
488 0.0960374487075745834
489 0.0960164186785213658
490 0.0959954407917549294
491 0.0959745148099786512
492 0.0959536404974620271
493 0.0959328176200271169
494 0.0959120459450352312
495 0.0958913252413736685
496 0.0958706552794426119
497 0.0958500358311421528
498 0.0958294666698595275
499 0.0958089475704563962
500 0.0957884783092562724

10 0.1778708347184776017
11 0.1740169988233789524
12 0.1706461922040127646
13 0.1676621498671552378
14 0.1649937086087972519
15 0.1625869476207849331
16 0.1604001455207896538
17 0.1584004331101408165
18 0.1565615062305081341
19 0.1548620231461486642
20 0.1532844565565914907
21 0.151814255111433374
22 0.1504392202898303734
23 0.1491490360937915098
24 0.1479349090879423074
25 0.1467892893900748725
26 0.1457056519055630958
27 0.144678322985413422
28 0.1437023417457252584
29 0.1427733481285316147
30 0.1418874918037742286
31 0.1410413574669162387
32 0.1402319031475449923
33 0.1394564089268217192
34 0.1387124340450903952
35 0.1379977808202730445
36 0.1373104641315991944
37 0.1366486854792399574
38 0.1360108108283278699
39 0.1353953515999598193
40 0.1348009482927847817
41 0.1342263563142838021
42 0.133670433676848982
43 0.1331321302745290471
44 0.1326104785052167213
45 0.1321045850426258772
46 0.1316136235945606818
47 0.1311368285103087054
48 0.1306734891215699605
49 0.1302229447191564635
50 0.1297845800824716284
51 0.1293578214910420008
52 0.1289421331576546494
53 0.1285370140312403139
54 0.1281419949248924804
55 0.1277566359305116647
56 0.1273805240867592378
57 0.1270132712713949307
58 0.1266545122928307822
59 0.126303903158944116
60 0.1259611195039429147
61 0.1256258551564448541
62 0.1252978208339764981
63 0.1249767429508576547
64 0.1246623625279728735
65 0.1243544341942550589
66 0.1240527252708621479
67 0.123757014930050115
68 0.1234670934216110185
69 0.123182761360534097
70 0.1229038290702204562
71 0.1226301159761815754
72 0.122361450045681346
73 0.1220976672692446648
74 0.1218386111803731448
75 0.1215841324101687514
76 0.1213340882738932502
77 0.1210883423867833048
78 0.1208467643066915848
79 0.1206092292013628206
80 0.1203756175383502445
81 0.1201458147957693659
82 0.1199197111922447594
83 0.1196972014345575672
84 0.1194781844816330762
85 0.1192625633236249759
86 0.119050244774965697
87 0.1188411392803450744
88 0.1186351607326700691
89 0.1184322263021364105
90 0.1182322562756162907
91 0.1180351739056307435
92 0.117840905268234519
93 0.117649379129198717
94 0.117460526817914343
95 0.1172742821085034602
96 0.1170905811076463079
97 0.1169093621486817976
98 0.116730565691568066
99 0.116554134228322042
100 0.1163800121935853667
101 0.1162081458799899816
102 0.1160384833580200028
103 0.1158709744000892291
104 0.115705570408574089
105 0.1155422243475582441
106 0.1153808906780648272
107 0.1152215252965661332
108 0.1150640854765755386
109 0.1149085298131402585
110 0.1147548181700648105
111 0.1146029116297075764
112 0.1144527724452024335
113 0.1143043639949676637
114 0.1141576507393732369
115 0.1140125981794459839
116 0.1138691728174993523
117 0.1137273421195829234
118 0.113587074479651681
119 0.1134483391853629432
120 0.1133111063854136295
121 0.1131753470583360136
122 0.1130410329826754234
123 0.1129081367084776796
124 0.1127766315300185053
125 0.112646491459711091
126 0.1125176912031320025
127 0.112390206135108803
128 0.112264012276816056
129 0.1121390862738298797
130 0.1120154053750935254
131 0.1118929474127494902
132 0.1117716907827960431
133 0.1116516144265284641
134 0.1115326978127272713
135 0.1114149209205584242
136 0.1112982642231513371
137 0.1111827086718235294
138 0.1110682356809215458
139 0.1109548271132499311
140 0.1108424652660612591
141 0.1107311328575817615
142 0.110620813014048389
143 0.1105114892572344239
144 0.110403145492441782
145 0.110295765996939726
146 0.1101893354088299546
147 0.1100838387163199333
148 0.1099792612473864779
149 0.1098755886598130458
150 0.1097728069315846696
151 0.109670902351625427
152 0.1095698615108640094
153 0.109469671293613724
154 0.1093703188692535839
155 0.1092717916841986617
156 0.1091740774541472703
157 0.1090771641565937709
158 0.1089810400235966159
159 0.1088856935347909816
160 0.1087911134106364212
161 0.1086972886058901093
162 0.1086042083032968217
163 0.1085118619074871437
164 0.1084202390390757071
165 0.1083293295289520003
166 0.1082391234127557233
167 0.1081496109255304815
168 0.1080607824965482017
169 0.1079726287442984046
170 0.1078851404716358845
171 0.1077983086610807688
172 0.1077121244702656123
173 0.1076265792275238501
174 0.1075416644276145085
175 0.1074573717275781546
176 0.1073817957561417955
177 0.107306754928755593
178 0.1072322423875767422
179 0.1071582514011808337
180 0.1070847753615314603
181 0.1070118077810393116
182 0.1069393422897073415
183 0.1068673726323589538
184 0.1067958926659465662
185 0.1067248963569375841
186 0.1066543777787749721
187 0.1065843311094107017
188 0.1065147506289085296
189 0.1064456307171143958
190 0.1063769658513923111
191 0.1063087506044232068
192 0.1062409796420648277
193 0.1061736477212706453
194 0.1061067496880659007
195 0.1060402804755788971
196 0.105974235102125641
197 0.1059086086693463079
198 0.1058433963603918143
199 0.1057785934381589564
200 0.1057141952435722287
201 0.1056501971939114079
202 0.1055865947811830317
203 0.1055233835705346031
204 0.1054605591987101529
205 0.1053981173725458544
206 0.1053360538675045136
207 0.1052743645262476988
208 0.1052130452572443344
209 0.1051520920334147902
210 0.1050915008908093585
211 0.1050312679273197298
212 0.1049713893014232442
213 0.1049118612309581003
214 0.1048526799919291621
215 0.1047938419173433918
216 0.1047353433960737068
217 0.1046771808717508572
218 0.1046193508416823288
219 0.1045618498557973354
220 0.1045046745156174228
221 0.1044478214732518914
222 0.104391287430417063
223 0.1043350691374791396
224 0.1042791633925195449
225 0.1042235670404226189
226 0.104168276971984607
227 0.1041132901230433252
228 0.1040586034736285867
229 0.104004214047131803
230 0.1039501189094951636
231 0.1038963151684192773
232 0.1038427999725889579
233 0.1037895705109168085
234 0.1037366240118037482
235 0.1036839577424164639
236 0.1036315690079810242
237 0.1035794551510922956
238 0.1035276135510388875
239 0.1034760416231429603
240 0.1034247368181147696
241 0.1033736966214212222
242 0.1033229185526686807
243 0.1032724001649988144
244 0.1032221390444978618
245 0.1031721328096186565
246 0.1031223791106149959
247 0.1030728756289884785
248 0.1030236200769467122
249 0.1029746101968735832
250 0.1029258437608103381
251 0.1028773185699479797
252 0.1028290324541301038
253 0.1027809832713663236
254 0.1027331689073558143
255 0.1026855872750207162
256 0.1026382363140493499
257 0.1025911139904486862
258 0.1025442182961062646
259 0.1024975472483605864
260 0.1024510988895811847
261 0.1024048712867561482
262 0.1023588625310888979
263 0.1023130707376024173
264 0.1022674940447520612
265 0.1022221306140455234
266 0.1021769786296708905
267 0.1021320362981316487
268 0.1020873018478893337
269 0.1020427735290128274
270 0.1019984496128349081
271 0.1019543283916152001
272 0.1019104081782099863
273 0.1018666873057481769
274 0.1018231641273137777
275 0.1017798370156342884
276 0.1017367043627752481
277 0.1016937645798405067
278 0.1016510160966783476
279 0.1016084573615928889
280 0.1015660868410615636
281 0.1015239030194570773
282 0.1014819043987755587
283 0.1014400894983688362
284 0.1013984568546825098
285 0.1013570050209984017
286 0.1013157325671820164
287 0.1012746380794345719
288 0.1012337201600496042
289 0.1011929774271741085
290 0.1011524085145739095
291 0.1011120120714034779
292 0.1010717867619797382
293 0.1010317312655601642
294 0.1009918442761246755
295 0.1009521245021616514
296 0.1009125706664575824
297 0.1008731815058907074
298 0.1008339557712278734
299 0.10079489222692586
300 0.1007559896509350642
301 0.1007172468345075736
302 0.1006786625820082607
303 0.1006402357107290346
304 0.100601965050706697
305 0.1005638494445434898
306 0.1005258877472313059
307 0.1004880788259784003
308 0.1004504215600394659
309 0.1004129148405484285
310 0.1003755575703541122
311 0.1003383486638588523
312 0.1003012870468595926
313 0.1002643716563919816
314 0.1002276014405767394
315 0.1001909753584690307
316 0.1001544923799099336
317 0.1001181514853807156
318 0.1000819516658593679
319 0.1000458919226795612
320 0.100009971267391982
321 0.0999741887216278572
322 0.0999385433169648686
323 0.0999030340947950801
324 0.0998676601061951369
325 0.099832420411798747
326 0.0997973140816706732
327 0.0997623401951836428
328 0.0997274978408963379
329 0.0996927861164338924
330 0.0996582041283702867
331 0.0996237509921123065
332 0.099589425831785751
333 0.0995552277801231172
334 0.0995211559783532482
335 0.0994872095760927312
336 0.0994533877312388361
337 0.0994196896098644002
338 0.0993861143861140828
339 0.09935266124210246
340 0.0993193293678135918
341 0.0992861179610021321
342 0.0992530262270961027
343 0.0992200533791009456
344 0.0991871986375053341
345 0.0991544612301881537
346 0.0991218403923270787
347 0.0990893353663085257
348 0.0990569454016388563
349 0.0990246697548570418
350 0.0989925076894487605
351 0.0989604584757613856
352 0.0989285213909207854
353 0.0988966957187489618
354 0.0988649807496829775
355 0.0988333757806953967
356 0.0988018801152155149
357 0.0987704930630519478
358 0.0987392139403164383
359 0.0987080420693485353
360 0.0986769767786416906
361 0.0986460174027702125
362 0.0986151632823173077
363 0.0985844137638043422
364 0.0985537681996209068
365 0.0985232259479560376
366 0.0984927863727304349
367 0.0984624488435294923
368 0.0984322127355375898
369 0.0984020774294730134
370 0.0983720423115239796
371 0.098342106773285586
372 0.0983122702116975207
373 0.0982825320289828361
374 0.0982528916325874596
375 0.0982233484351205352
376 0.0981939018542957066
377 0.0981645513128732777
378 0.0981352962386029013
379 0.0981061360641673815
380 0.0980770702271271248
381 0.0980480981698652495
382 0.0980192193395336932
383 0.0979904331879999428
384 0.0979617391717943517
385 0.0979331367520585184
386 0.0979046253944940849
387 0.0978762045693122273
388 0.0978478737511841745
389 0.0978196324191919797
390 0.0977914800567801511
391 0.0977634161517080267
392 0.0977354401960026133
393 0.0977075516859121287
394 0.0976797501218602522
395 0.0976520350084008362
396 0.0976244058541733249
397 0.097596862171858773
398 0.0975694034781363436
399 0.0975420292936405258
400 0.0975147391429188268
401 0.097487532554389974
402 0.0974604090603028616
403 0.0974333681966958216
404 0.0974064095033565042
405 0.0973795325237822802
406 0.097352736805141305
407 0.0973260218982338144
408 0.0972993873574540589
409 0.0972728327407528457
410 0.0972463576096003719
411 0.0972199615289495352
412 0.0971936440671999834
413 0.09716740479616233
414 0.0971412432910228024
415 0.0971151591303087642
416 0.0970891518958541517
417 0.097063221172765563
418 0.0970373665493889723
419 0.0970115876172765475
420 0.0969858839711539811
421 0.0969602552088884079
422 0.0969347009314564973
423 0.0969092207429129931
424 0.0968838142503597918
425 0.0968584810639152374
426 0.096833220796683818
427 0.0968080330647263659
428 0.0967829174870304898
429 0.0967578736854813806
430 0.0967329012848330919
431 0.0967079999126800522
432 0.0966831691994289326
433 0.096658408778270967
434 0.0966337182851544918
435 0.0966090973587578898
436 0.0965845456404626653
437 0.0965600627743273369
438 0.096535648407061089
439 0.0965113021879979748
440 0.0964870237690715102
441 0.0964628128047894768
442 0.09643866895220901
443 0.0964145918709119466
444 0.0963905812229806952
445 0.0963666366729741279
446 0.0963427578879037869
447 0.096318944537210608
448 0.0962951962927416516
449 0.0962715128287272045
450 0.096247893821758177
451 0.096224338950763781
452 0.0962008478969893843
453 0.0961774203439746464
454 0.0961540559775320157
455 0.0961307544857253459
456 0.096107515558848746
457 0.0960843388894058673
458 0.0960612241720892074
459 0.0960381711037597385
460 0.0960151793834268148
461 0.0959922487122282619
462 0.0959693787934106764
463 0.0959465693323099801
464 0.0959238200363322208
465 0.0959011306149345456
466 0.0958785007796063127
467 0.0958559302438507135
468 0.0958334187231662126
469 0.0958109659350284784
470 0.0957885715988722409
471 0.0957662354360738639
472 0.0957439571699335189
473 0.0957217365256578729
474 0.0956995732303429176
475 0.0956774670129570441
476 0.0956554176043242038
477 0.0956334247371072385
478 0.0956114881457915531
479 0.0955896075666688541
480 0.0955677827378210544
481 0.0955460133991043413
482 0.0955242992921335714
483 0.0955026401602666578
484 0.0954810357485891808
485 0.0954594858038992006
486 0.0954379900746922518
487 0.0954165483111464333
488 0.0953951602651076245
489 0.0953738256900750654
490 0.0953525443411868553
491 0.0953313159752057226
492 0.0953101403505049226
493 0.095289017227054338
494 0.0952679463664066526
495 0.0952469275316836633
496 0.0952259604875628636
497 0.0952050450002640291
498 0.0951841808375360036
499 0.0951633677686436168
500 0.0951426055643547779

10 0.17814185816558595
11 0.1742596500443974089
12 0.1708654485214292773
13 0.1678617736015040256
14 0.1651766134830491051
15 0.1627554367193240546
16 0.1605560712719649794
17 0.1585453080611303077
18 0.1566965817231722728
19 0.1549883464451858495
20 0.1534029131459647475
21 0.151925600553791362
22 0.1505441045959229962
23 0.1492480226216055768
24 0.1480284893830734682
25 0.1468778949713197985
26 0.1457896637213329364
27 0.1447580790730499835
28 0.1437781434891108722
29 0.1428454654114179393
30 0.1419561672850833072
31 0.1411068101519278847
32 0.1402943313899432008
33 0.1395159929672921447
34 0.1387693381699265063
35 0.1380521552064057613
36 0.1373624464312897386
37 0.1366984021874070984
38 0.1360583784674166814
39 0.1354408777508804496
40 0.1348445324953706718
41 0.134268090856648171
42 0.1337104042897365848
43 0.1331704167440992849
44 0.132647155215524616
45 0.1321397214572897565
46 0.1316472846856416482
47 0.1311690751412158068
48 0.1307043783897984429
49 0.1302525302638272694
50 0.1298129123609349656
51 0.1293849480282199945
52 0.1289680987712917064
53 0.1285618610358134049
54 0.1281657633165691858
55 0.1277793635552384725
56 0.1274022467932996378
57 0.1270340230509114437
58 0.1266743254064110672
59 0.1263228082543040971
60 0.1259791457223939147
61 0.125643030231087932
62 0.1253141711799756313
63 0.1249922937485502105
64 0.1246771377994900906
65 0.1243684568742534358
66 0.1240660172719042985
67 0.1237695972031145987
68 0.1234789860121609152
69 0.1231939834605323398
70 0.1229143990664401899
71 0.1226400514951229766
72 0.1223707679953822053
73 0.1221063838782348257
74 0.1218467420340087299
75 0.1215916924845536266
76 0.1213410919675793111
77 0.1210948035504216432
78 0.1208526962707930009
79 0.1206146448023102915
80 0.1203805291427950195
81 0.1201502343235297116
82 0.1199236501378170759
83 0.1197006708873398528
84 0.1194811951449525687
85 0.1192651255326541574
86 0.1190523685136040379
87 0.1188428341971376356
88 0.1186364361558284591
89 0.1184330912537224477
90 0.1182327194849438865
91 0.1180352438219374885
92 0.117840590072670252
93 0.1176486867461755299
94 0.1174594649258575143
95 0.1172728581500420791
96 0.1170888022992779046
97 0.1169072354899434185
98 0.1167280979737440537
99 0.1165513320427161593
100 0.1163768819393835202
101 0.1162046937717375669
102 0.1160347154327365873
103 0.1158668965240413652
104 0.1157011882837260327
105 0.1155375435177187958
106 0.1153759165347474082
107 0.1152162630845780662
108 0.1150585402993514867
109 0.1149027066378338067
110 0.1147487218324113036
111 0.1145965468386704514
112 0.1144461437874146234
113 0.1142974759389788291
114 0.1141505076397129799
115 0.1140052042805125824
116 0.1138615322572829595
117 0.1137194589332316622
118 0.1135789526028885527
119 0.1134399824577610202
120 0.1133025185535365402
121 0.1131665317787503727
122 0.113031993824841429
123 0.1128988771575237775
124 0.1127671549894056831
125 0.1126368012537920473
126 0.1125077905796101605
127 0.1123800982674018467
128 0.1122537002663284371
129 0.1121285731521384782
130 0.1120046941060504403
131 0.1118820408945057183
132 0.1117605918497496079
133 0.1116403258512003701
134 0.1115212223075684831
135 0.1114032611396909064
136 0.111286422764046034
137 0.1111706880769180193
138 0.1110560384391799658
139 0.1109424556616676377
140 0.1108299219911165697
141 0.1107184200966370048
142 0.1106079330567023821
143 0.1104984443466283936
144 0.1103899378265206519
145 0.1102823977296705892
146 0.1101758086513794795
147 0.1100701555381923554
148 0.1099654236775237602
149 0.109861598687658714
150 0.1097586665081127569
151 0.1096566133903359009
152 0.1095554258887459873
153 0.1094550908520777277
154 0.1093555954150340275
155 0.109256926990227688
156 0.1091590732604010813
157 0.1090620221709124267
158 0.1089657619224783332
159 0.1088702809641618764
160 0.1087755679865966027
161 0.108681611915436998
162 0.1085884019050265224
163 0.1084959273322746783
164 0.1084041777907348437
165 0.1083131430848754693
166 0.1082228132245364581
167 0.108133178419564586
168 0.1080442290746202961
169 0.1079559557841499325
170 0.1078683493275170399
171 0.1077814006642865372
172 0.1076951009296565155
173 0.1076094414300319093
174 0.1075244136387349303
175 0.10747666013570676
176 0.1074010814736637461
177 0.107326037925578863
178 0.1072515226344719196
179 0.1071775288697578459
180 0.1071040500242170126
181 0.1070310796110550145
182 0.1069586112610485009
183 0.1068866387197740034
184 0.1068151558449171178
185 0.1067441566036590746
186 0.1066736350701378889
187 0.1066035854229823633
188 0.1065340019429154054
189 0.1064648790104249453
190 0.1063962111035003257
191 0.106327992795431637
192 0.1062602187526700795
193 0.1061928837327473303
194 0.1061259825822520252
195 0.1060595102348614751
196 0.1059934617094267177
197 0.1059278321081093802
198 0.1058626166145686357
199 0.1057978104921967129
200 0.105733409082401075
201 0.1056694078029323515
202 0.1056058021462561547
203 0.1055425876779676097
204 0.1054797600352472333
205 0.1054173149253568551
206 0.1053552481241744036
207 0.1052935554747663243
208 0.1052322328859964502
209 0.105171276331170363
210 0.1051106818467141299
211 0.1050504455308860334
212 0.104990563542521069
213 0.1049310320998063913
214 0.1048718474790873529
215 0.1048130060137031607
216 0.1047545040928509506
217 0.1046963381604778757
218 0.104638504714200214
219 0.104581000304248559
220 0.1045238215324386164
221 0.1044669650511668142
222 0.10441042756242975
223 0.1043542058168672271
224 0.1042982966128277659
225 0.1042426967954564665
226 0.1041874032558041564
227 0.1041324129299572151
228 0.1040777227981881511
229 0.1040233298841253518
230 0.1039692312539424066
231 0.1039154240155658876
232 0.1038619053179012712
233 0.1038086723500766543
234 0.1037557223407034092
235 0.1037030525571537595
236 0.1036506603048545159
237 0.1035985429265966093
238 0.1035466978018601515
239 0.1034951223461543533
240 0.1034438140103721782
241 0.103392770280159003
242 0.1033419886752955256
243 0.1032914667490937147
244 0.1032412020878061705
245 0.1031911923100482438
246 0.103141435066232498
247 0.1030919280380156341
248 0.103042668937756788
249 0.1029936555079878825
250 0.1029448855208947927
251 0.1028963567778098225
252 0.1028480671087146187
253 0.1028000143717536722
254 0.1027521964527579365
255 0.1027046112647783035
256 0.1026572567476288884
257 0.1026101308674395688
258 0.1025632316162179694
259 0.1025165570114199219
260 0.1024701050955295948
261 0.1024238739356470831
262 0.1023778616230852427
263 0.1023320662729739801
264 0.1022864860238731184
265 0.1022411190373924209
266 0.1021959634978196986
267 0.1021510176117558711
268 0.1021062796077576675
269 0.1020617477359869733
270 0.1020174202678674307
271 0.1019732954957474349
272 0.1019293717325699949
273 0.1018856473115487462
274 0.1018421205858504651
275 0.1017987899282835095
276 0.1017556537309924071
277 0.1017127104051581678
278 0.1016699583807044473
279 0.101627396106008987
280 0.1015850220476211328
281 0.1015428346899838314
282 0.1015008325351618147
283 0.1014590141025739155
284 0.1014173779287311711
285 0.1013759225669793104
286 0.1013346465872462458
287 0.1012935485757941371
288 0.1012526271349760281
289 0.1012118808829970182
290 0.1011713084536796636
291 0.1011309084962338224
292 0.101090679675030492
293 0.1010506206693799322
294 0.1010107301733135897
295 0.1009710068953701382
296 0.1009314495583851572
297 0.100892056899284793
298 0.1008528276688826467
299 0.1008137606316811185
300 0.1007748545656751212
301 0.1007361082621601732
302 0.1006975205255435177
303 0.1006590901731583957
304 0.100620816035081925
305 0.1005826969539556672
306 0.1005447317848098611
307 0.1005069193948901538
308 0.1004692586634876958
309 0.1004317484817719558
310 0.1003943877526264055
311 0.1003571753904871506
312 0.100320110321184047
313 0.1002831914817848139
314 0.1002464178204414191
315 0.100209788296239468
316 0.1001733018790496902
317 0.1001369575493822306
318 0.1001007542982432009
319 0.1000646911269936499
320 0.1000287670472109157
321 0.0999929810805521649
322 0.099957332258620322
323 0.0999218196228320111
324 0.0998864422242877676
325 0.0998511991236445353
326 0.0998160893909896717
327 0.0997811121057178684
328 0.0997462663564091572
329 0.0997115512407094178
330 0.0996769658652127856
331 0.0996425093453456219
332 0.0996081808052527346
333 0.0995739793776850736
334 0.0995399042038893901
335 0.0995059544334996464
336 0.0994721292244299643
337 0.0994384277427695214
338 0.0994048491626788157
339 0.0993713926662877699
340 0.0993380574435953093
341 0.099304842692370481
342 0.0992717476180552379
343 0.0992387714336685003
344 0.0992059133597119748
345 0.0991731726240771464
346 0.0991405484619538618
347 0.0991080401157402927
348 0.099075646834954147
349 0.0990433678761453406
350 0.0990112025028101034
351 0.0989791499853059762
352 0.0989472096007686163
353 0.0989153806330294456
354 0.0988836623725345843
355 0.0988520541162652992
356 0.0988205551676592406
357 0.0987891648365330376
358 0.0987578824390061127
359 0.0987267072974253678
360 0.0986956387402912854
361 0.0986646761021848916
362 0.0986338187236958021
363 0.0986030659513514899
364 0.098572417137547358
365 0.0985418716404779636
366 0.098511428824069245
367 0.0984810880579115555
368 0.0984508487171939614
369 0.0984207101826391683
370 0.0983906718404395505
371 0.0983607330821941064
372 0.0983308933048461742
373 0.0983011519106222091
374 0.0982715083069713008
375 0.098241961906505519
376 0.0982125121269412006
377 0.0981831583910411162
378 0.0981539001265571635
379 0.0981247367661741721
380 0.0980956677474543613
381 0.0980666925127824534
382 0.0980378105093117839
383 0.0980090211889110374
384 0.0979803240081115687
385 0.097951718428055784
386 0.0979232039144459446
387 0.0978947799374936617
388 0.0978664459718704165
389 0.0978382014966583385
390 0.0978100459953018373
391 0.0977819789555599826
392 0.0977539998694593459
393 0.0977261082332475463
394 0.0976983035473475045
395 0.0976705853163121574
396 0.0976429530487798801
397 0.0976154062574305081
398 0.0975879444589418382
399 0.0975605671739468486
400 0.0975332739269913949
401 0.0975060642464924145
402 0.097478937664696876
403 0.0974518937176410535
404 0.09742493194511041
405 0.0973980518906000011
406 0.0973712531012755432
407 0.0973445351279347119
408 0.0973178975249690773
409 0.0972913398503266502
410 0.0972648616654747171
411 0.0972384625353631531
412 0.0972121420283884744
413 0.0971858997163580554
414 0.0971597351744547808
415 0.0971336479812025672
416 0.0971076377184318052
417 0.0970817039712454489
418 0.0970558463279857319
419 0.0970300643802009879
420 0.097004357722612984
421 0.0969787259530848389
422 0.0969531686725891183
423 0.0969276854851763772
424 0.0969022759979442382
425 0.0968769398210066898
426 0.0968516765674637847
427 0.0968264858533718405
428 0.0968013672977138751
429 0.0967763205223704135
430 0.0967513451520907699
431 0.0967264408144645617
432 0.0967016071398935797
433 0.0966768437615641081
434 0.0966521503154194673
435 0.0966275264401329588
436 0.0966029717770809427
437 0.0965784859703167294
438 0.0965540686665442355
439 0.0965297195150921873
440 0.0965054381678887153
441 0.0964812242794361591
442 0.0964570775067861575
443 0.0964329975095149967
444 0.0964089839496994817
445 0.0963850364918928302
446 0.0963611548031008806
447 0.0963373385527588146
448 0.0963135874127078925
449 0.0962899010571725542
450 0.0962662791627378176
451 0.0962427214083269586
452 0.0962192274751793662
453 0.0961957970468286789
454 0.0961724298090812843
455 0.0961491254499949346
456 0.0961258836598576
457 0.0961027041311667543
458 0.0960795865586086819
459 0.0960565306390381062
460 0.0960335360714580979
461 0.0960106025570001654
462 0.095987729798904556
463 0.09596491750250081
464 0.0959421653751885631
465 0.0959194731264185204
466 0.0958968404676735696
467 0.0958742671124504023
468 0.0958517527762409567
469 0.0958292971765143481
470 0.0958069000326987289
471 0.095784561066163858
472 0.0957622800002032796
473 0.0957400565600170101
474 0.0957178904726943671
475 0.0956957814671970464
476 0.0956737292743422829
477 0.0956517336267861818
478 0.0956297942590073908
479 0.0956079109072908408
480 0.0955860833097116677
481 0.0955643112061191964
482 0.0955425943381215052
483 0.0955209324490696454
484 0.0954993252840423365
485 0.0954777725898307622
486 0.0954562741149235669
487 0.0954348296094919446
488 0.0954134388253748572
489 0.0953921015160646134
490 0.0953708174366923699
491 0.0953495863440139003
492 0.0953284079963954939
493 0.0953072821538000569
494 0.0952862085777732867
495 0.0952651870314299841
496 0.095244217279440637
497 0.0952232990880180072
498 0.0952024322249039167
499 0.0951816164593561653
500 0.0951608515621356253

10 0.1782272479098839072
11 0.1743350873053121195
12 0.1709328123612640548
13 0.1679224610551698118
14 0.1652316904975657588
15 0.1628057345507471825
16 0.160602250321658105
17 0.158587901473441593
18 0.1567360259621454992
19 0.155025003240457813
20 0.153437085566941212
21 0.1519575449965059686
22 0.1505740398661895356
23 0.1492761369174463006
24 0.1480549457322804696
25 0.1469028355159961257
26 0.1458132131302293429
27 0.1447803472859796258
28 0.1437992279441014689
29 0.1428654528671174471
30 0.1419751353234275751
31 0.1411248284259854215
32 0.1403114626670057593
33 0.1395322940061798799
34 0.1387848604631050976
35 0.1380669456111290392
36 0.1373765477090749585
37 0.1367118534673485447
38 0.1360712156458657628
39 0.13545313383769133
40 0.1348562379150474204
41 0.1342792737112567898
42 0.1337210905892567936
43 0.1331806306089328475
44 0.1326569190550999026
45 0.1321490561280672047
46 0.131656209631304156
47 0.1311776085173993271
48 0.1307125371753630973
49 0.1302603303603732403
50 0.1298203686820227828
51 0.1293920745795440283
52 0.1289749087228885312
53 0.128568366787232922
54 0.12817197655581644
55 0.1277852953121866782
56 0.1274079074881849843
57 0.1270394225384430514
58 0.126679473015963206
59 0.1263277128266006253
60 0.1259838156430463275
61 0.1256474734613046471
62 0.1253183952847246406
63 0.1249963059224232665
64 0.1246809448904911204
65 0.1243720654057081036
66 0.1240694334626634289
67 0.123772826986211586
68 0.1234820350520609004
69 0.1231968571690997265
70 0.1229171026177363295
71 0.1226425898391371878
72 0.1223731458707831927
73 0.1221086058242301419
74 0.1218488124013824066
75 0.121593615445950986
76 0.121342871527099244
77 0.1210964435525718576
78 0.1208542004088580637
79 0.1206160166261783163
80 0.1203817720662842908
81 0.1201513516312532508
82 0.1199246449916195925
83 0.1197015463323386945
84 0.1194819541152115387
85 0.1192657708565166615
86 0.1190529029187098132
87 0.1188432603151453326
88 0.118636756526864527
89 0.1184333083305751376
90 0.118232835637019725
91 0.1180352613389961587
92 0.1178405111683526499
93 0.1176485135613384666
94 0.1174591995317278855
95 0.1172725025512018694
96 0.1170883584364909172
97 0.1169067052428336852
98 0.1167274831633351279
99 0.1165506344338399393
100 0.1163761032429665115
101 0.1162038356469720325
102 0.116033779489143427
103 0.115865884323431197
104 0.1157001013420644029
105 0.1155363833069011076
106 0.1153746844842887598
107 0.1152149605832228493
108 0.1150571686966072744
109 0.1149012672454337658
110 0.1147472159257090874
111 0.114594975657971297
112 0.1144445085392461
113 0.1142957777973045078
114 0.1141487477470920739
115 0.1140033837492084125
116 0.1138596521703229384
117 0.1137175203454213154
118 0.1135769565417819531
119 0.1134379299245898573
120 0.1133004105240999402
121 0.1131643692042674184
122 0.11302977763276826
123 0.1128966082523370152
124 0.1127648342533538307
125 0.1126344295476164311
126 0.1125053687432368695
127 0.1123776271206060827
128 0.112251180609372553
129 0.1121260057663849724
130 0.1120020797545510668
131 0.1118793803225678222
132 0.1117578857854807351
133 0.1116375750060321429
134 0.1115184273767606863
135 0.1114004228028166676
136 0.1112835416854589494
137 0.1111677649062020205
138 0.1110530738115826911
139 0.1109394501985180258
140 0.1108268763002273621
141 0.1107153347726928056
142 0.1106048086816338936
143 0.1104952814899734133
144 0.1103867370457723933
145 0.1102791595706138491
146 0.110172533648415165
147 0.1100668442146508465
148 0.1099620765459675675
149 0.109858216250174867
150 0.1097552492565953386
151 0.1096531618067591243
152 0.1095519404454281912
153 0.1094515720119366523
154 0.1093520436318337156
155 0.1092533427088173238
156 0.1091554569169461154
157 0.1090583741931182466
158 0.1089620827298067852
159 0.1088665709680409104
160 0.1087718275906232965
161 0.1086778415155742126
162 0.1085846018897934265
163 0.1084920980829313717
164 0.1084003196814612835
165 0.1083092564829449414
166 0.1082188984904837558
167 0.1081292359073491073
168 0.1080402591317842437
169 0.1079519587519717763
170 0.1078643255411604419
171 0.1077773504529448639
172 0.1076910246166931149
173 0.1076053393331162951
174 0.1075202860699750088
175 0.1074897400096810923
176 0.1074141265079056118
177 0.1073390484366171771
178 0.1072644989341078205
179 0.1071904712651622386
180 0.1071169588180255545
181 0.1070439551014606244
182 0.1069714537418914695
183 0.1068994484806297803
184 0.1068279331711818477
185 0.1067569017766329535
186 0.106686348367106405
187 0.1066162671172954899
188 0.1065466523040648084
189 0.106477498304119263
190 0.1064087995917385824
191 0.1063405507365748435
192 0.1062727464015110772
193 0.1062053813405789287
194 0.1061384503969334861
195 0.1060719485008833883
196 0.1060058706679743193
197 0.1059402119971243567
198 0.1058749676688094552
199 0.1058101329432975342
200 0.1057457031589292641
201 0.1056816737304446543
202 0.1056180401473535587
203 0.1055547979723489348
204 0.1054919428397614857
205 0.1054294704540543791
206 0.1053673765883568656
207 0.1053056570830355592
208 0.1052443078443022059
209 0.1051833248428569656
210 0.1051227041125661092
211 0.1050624417491727276
212 0.1050025339090402401
213 0.1049429768079268803
214 0.1048837667197907951
215 0.1048248999756247899
216 0.1047663729623195158
217 0.1047081821215546924
218 0.1046503239487173737
219 0.1045927949918463197
220 0.1045355918506019925
221 0.1044787111752613915
222 0.1044221496657367403
223 0.1043659040706177843
224 0.104309971186236586
225 0.1042543478557546797
226 0.104199030968271544
227 0.1041440174579537532
228 0.1040893043031849076
229 0.1040348885257347503
230 0.1039807671899478704
231 0.1039269374019508847
232 0.1038733963088777688
233 0.1038201410981130013
234 0.1037671689965516601
235 0.103714477269876451
236 0.1036620632218509135
237 0.1036099241936284328
238 0.1035580575630767934
239 0.1035064607441176036
240 0.1034551311860804637
241 0.1034040663730711586
242 0.1033532638233541001
243 0.1033027210887478325
244 0.1032524357540339478
245 0.1032024054363787832
246 0.1031526277847674551
247 0.1031031004794503847
248 0.1030538212314011868
249 0.103004787781786636
250 0.1029559979014474488
251 0.1029074493903903864
252 0.1028591400772908055
253 0.102811067819005801
254 0.1027632305000974786
255 0.1027156260323660878
256 0.1026682523543929744
257 0.102621107431092794
258 0.102574189253275163
259 0.1025274958372148833
260 0.1024810252242316146
261 0.1024347754802773188
262 0.1023887446955327269
263 0.1023429309840113583
264 0.1022973324831721082
265 0.1022519473535389975
266 0.1022067737783290145
267 0.1021618099630869127
268 0.1021170541353276565
269 0.1020725045441855183
270 0.1020281594600704321
271 0.1019840171743307512
272 0.1019400759989228729
273 0.1018963342660870223
274 0.1018527903280295394
275 0.1018094425566111017
276 0.1017662893430410935
277 0.1017233290975777098
278 0.1016805602492339091
279 0.1016379812454886536
280 0.101595590552004228
281 0.1015533866523480347
282 0.1015113680477206026
283 0.1014695332566876959
284 0.1014278808149182526
285 0.101386409274926677
286 0.101345117205820167
287 0.1013040031930505963
288 0.1012630658381709895
289 0.1012223037585965207
290 0.1011817155873697581
291 0.101141299972930345
292 0.1011010555788886842
293 0.1010609810838039054
294 0.1010210751809656411
295 0.1009813365781799176
296 0.1009417639975586907
297 0.1009023561753133656
298 0.100863111861551537
299 0.1008240298200782162
300 0.1007851088281993877
301 0.1007463476765299895
302 0.1007077451688048906
303 0.1006693001216930458
304 0.1006310113646152451
305 0.1005928777395645629
306 0.10055489810093047
307 0.1005170713153254448
308 0.1004793962614149606
309 0.1004418718297501785
310 0.1004044969226035281
311 0.1003672704538072255
312 0.1003301913485942847
313 0.1002932585434425251
314 0.1002564709859208504
315 0.1002198276345385451
316 0.1001833274585966507
317 0.1001469694380421684
318 0.1001107525633245074
319 0.1000746758352543673
320 0.1000387382648649927
321 0.1000029388732756248
322 0.0999672766915573407
323 0.0999317507606009039
324 0.0998963601309868982
325 0.0998611038628581327
326 0.0998259810257935602
327 0.0997909906986851334
328 0.099756131969615709
329 0.0997214039357394923
330 0.0996868057031643584
331 0.0996523363868357509
332 0.0996179951104228263
333 0.0995837810062060731
334 0.0995496932149669047
335 0.0995157308858789918
336 0.0994818931764011445
337 0.099448179252172139
338 0.0994145882869069117
339 0.0993811194622946037
340 0.0993477719678980658
341 0.0993145450010549183
342 0.0992814377667802702
343 0.0992484494776707156
344 0.0992155793538100995
345 0.09918282662267644
346 0.0991501905190504597
347 0.0991176702849254877
348 0.0990852651694186104
349 0.0990529744286832963
350 0.0990207973258234382
351 0.0989887331308082932
352 0.0989567811203892487
353 0.0989249405780174014
354 0.0988932107937624494
355 0.0988615910642330856
356 0.098830080692498183
357 0.0987986789880093457
358 0.0987673852665246701
359 0.0987361988500333808
360 0.0987051190666818948
361 0.0986741452507007259
362 0.0986432767423324931
363 0.0986125128877611402
364 0.0985818530390419629
365 0.0985512965540327939
366 0.0985208427963261829
367 0.0984904911351823866
368 0.0984602409454636334
369 0.0984300916075689984
370 0.0984000425073703997
371 0.0983700930361495111
372 0.0983402425905354371
373 0.0983104905724434571
374 0.0982808363890144996
375 0.0982512794525554491
376 0.0982218191804804059
377 0.0981924549952528063
378 0.0981631863243280805
379 0.0981340126000974329
380 0.098104933259832254
381 0.0980759477456292
382 0.0980470555043562805
383 0.0980182559875995491
384 0.0979895486516103934
385 0.0979609329572538942
386 0.0979324083699575861
387 0.0979039743596609213
388 0.0978756304007657719
389 0.0978473759720871614
390 0.0978192105568048773
391 0.0977911336424158173
392 0.0977631447206868023
393 0.0977352432876080962
394 0.0977074288433476281
395 0.0976797008922056806
396 0.0976520589425702862
397 0.0976245025068732198
398 0.0975970311015464723
399 0.0975696442469794497
400 0.0975423414674766377
401 0.0975151222912157797
402 0.0974879862502068101
403 0.0974609328802510937
404 0.0974339617209012859
405 0.0974070723154217212
406 0.0973802642107494479
407 0.0973535369574555044
408 0.0973268901097068376
409 0.0973003232252288201
410 0.0972738358652680635
411 0.0972474275945557129
412 0.0972210979812714738
413 0.0971948465970077922
414 0.0971686730167345668
415 0.0971425768187644894
416 0.0971165575847186255
417 0.0970906148994923995
418 0.0970647483512223187
419 0.0970389575312527608
420 0.0970132420341032908
421 0.0969876014574365678
422 0.0969620354020264122
423 0.0969365434717263294
424 0.0969111252734385785
425 0.0968857804170834428
426 0.0968605085155689115
427 0.0968353091847608693
428 0.0968101820434535066
429 0.0967851267133401099
430 0.0967601428189843328
431 0.0967352299877916866
432 0.0967103878499813938
433 0.0966856160385586984
434 0.0966609141892873853
435 0.0966362819406627127
436 0.096611718933884466
437 0.096587224812830854
438 0.0965627992240321267
439 0.096538441816644771
440 0.0965141522424260995
441 0.0964899301557090283
442 0.0964657752133771561
443 0.0964416870748401023
444 0.0964176654020093593
445 0.0963937098592741741
446 0.0963698201134777375
447 0.0963459958338939062
448 0.0963222366922039098
449 0.0962985423624734435
450 0.0962749125211300584
451 0.0962513468469408215
452 0.0962278450209901596
453 0.0962044067266579863
454 0.096181031649598185
455 0.0961577194777172146
456 0.0961344699011529456
457 0.096111282612253944
458 0.0960881573055587559
459 0.0960650936777755264
460 0.0960420914277619018
461 0.0960191502565051022
462 0.0959962698671022126
463 0.0959734499647407288
464 0.0959506902566793455
465 0.0959279904522289212
466 0.0959053502627335739
467 0.095882769401552308
468 0.0958602475840404282
469 0.0958377845275314699
470 0.0958153799513190391
471 0.0957930335766393922
472 0.0957707451266535816
473 0.0957485143264301411
474 0.0957263409029279118
475 0.0957042245849790999
476 0.0956821651032724334
477 0.0956601621903364766
478 0.0956382155805233075
479 0.0956163250099922343
480 0.0955944902166936961
481 0.0955727109403533262
482 0.0955509869224563338
483 0.0955293179062318857
484 0.0955077036366377059
485 0.0954861438603448857
486 0.095464638325722865
487 0.0954431867828245168
488 0.0954217889833713519
489 0.0954004446807391005
490 0.0953791536299431935
491 0.0953579155876245274
492 0.0953367303120353589
493 0.095315597563025393
494 0.0952945171020279524
495 0.0952734886920462783
496 0.0952525120976401145
497 0.0952315870849122779
498 0.0952107134214954405
499 0.0951898908765390425
500 0.0951691192206963757
